x1	x2	x3	x4	y
1.570796326794896558e+00	0.000000000000000000e+00	7.853981633974482790e-01	0.000000000000000000e+00	-8.828999999999999204e+01
1.552796111791635569e+00	-1.823776850599332811e+00	7.863484430022132932e-01	1.910872335168371239e-01	-9.657788479518254121e+01
1.495181247008998904e+00	-4.044139261675939068e+00	8.011696182826824053e-01	1.617113682141947617e+00	-1.344996698580253849e+02
1.379420375250528741e+00	-8.126117586287380234e+00	8.741727007894424251e-01	6.683805904763961081e+00	-3.074290765543630641e+02
1.144219134785579906e+00	-1.494825960164490297e+01	1.106235990509322642e+00	1.581369540348016223e+01	-1.084492238578081640e+02
8.815193732262196491e-01	-1.005648988946380840e+01	1.354806140150083937e+00	6.794712558334114583e+00	2.679430617262803480e+02
7.169361918192495020e-01	-6.886417376681050584e+00	1.393717215791095088e+00	-2.358221778978779604e+00	1.184699672051375643e+02
6.124362391105814263e-01	-2.824842054013740444e+00	1.270165270607270358e+00	-9.841086171298071505e+00	3.253040980771565387e+02
6.443247345650735536e-01	7.112012405946617655e+00	9.826090110572791581e-01	-2.015393368475735514e+01	6.507521734865507597e+02
8.392194529627876598e-01	6.834242055534221372e+00	5.135776083878647036e-01	-2.051697465203353232e+01	-7.004674668617952875e+02
8.475257527239261623e-01	-5.024249878360902422e+00	2.190611551558476755e-01	-9.917442542876804268e+00	-4.457379020983834153e+02
6.705525472333648818e-01	-1.244832868431821282e+01	1.310546224463301213e-01	2.468266147358335161e+00	-4.171848199269430211e+02
3.125469484274753795e-01	-2.179383020063412602e+01	3.746932650130129216e-01	1.858799292776190626e+01	1.945511821331168676e+02
-1.942414533572034419e-02	-1.169754817557067206e+01	5.593521670996587369e-01	-7.178344252268455961e-01	3.517110094754454508e+02
-1.766028507022059379e-01	-3.016958398770957395e+00	4.022133483954797861e-01	-1.402152992771007689e+01	6.152096787343717779e+02
-8.981739656682490025e-02	1.118428720376840957e+01	-1.883772349614426522e-02	-2.807651027411527878e+01	2.666548195831417161e+02
4.500312113500992001e-02	-5.588886720464607549e-01	-4.865455667575643295e-01	-1.611160082517237768e+01	-6.865179150539931925e+02
-7.445793865987851423e-02	-1.009844530751722047e+01	-6.910830125384503919e-01	-3.819958262942222849e+00	-3.212838466255162189e+02
-3.548979044455647935e-01	-1.917307871712561251e+01	-5.934386708731589355e-01	1.492845266383724834e+01	-5.725614058128710440e+02
-7.374672044436691998e-01	-1.444750872747644266e+01	-2.921394987291487388e-01	7.434833427793553717e+00	5.481789040991338879e+02
-9.465469870970751876e-01	-7.072371548596764868e+00	-2.981631144926489285e-01	-6.360880636326559312e+00	3.391703696057625166e+02
-1.007393476229703433e+00	1.744602445881898944e+00	-5.077191407006521606e-01	-1.450442385628785935e+01	5.630560925082802441e+02
-8.587399320857191931e-01	1.105483197962059982e+01	-9.074847914286408024e-01	-2.359384353994743577e+01	-1.040048466686097157e+02
-7.244382809251603828e-01	1.679913701864242270e+00	-1.275775184022120978e+00	-1.280213815845625369e+01	-4.185343315555485333e+02
-7.546698270355003402e-01	-3.847117181766515515e+00	-1.464017476670769202e+00	-6.449322220297819541e+00	-1.616060029899530832e+02
-8.539031756198056655e-01	-5.679881848195538652e+00	-1.537352069360155227e+00	-8.697193122462461012e-01	-5.083578864741203773e+01
-9.800158708610215985e-01	-7.191936966814594712e+00	-1.498163760852532445e+00	4.980038854499539092e+00	-1.332130442571214530e+02
-1.160031222338112178e+00	-1.090131074798487809e+01	-1.324678802479184458e+00	1.221606225976332993e+01	-1.440585390585528955e+02
-1.372935520107876339e+00	-8.791500759075578486e+00	-1.076722885208476477e+00	1.033949703804084841e+01	2.767737530371825301e+02
-1.497474561509823054e+00	-4.027598484675923629e+00	-9.282840411169843708e-01	5.144739260981480378e+00	1.785029950501449889e+02
-1.547319268308972484e+00	-1.129152254702497249e+00	-8.468425134509428576e-01	3.369422750218524776e+00	1.242335499808775978e+02
-1.546003008245199428e+00	1.269437174268927881e+00	-7.852587070119086965e-01	2.767982053881560489e+00	1.220264745973977654e+02
-1.495425922968879329e+00	3.823281197437180978e+00	-7.417444636588775841e-01	1.273825946021553079e+00	1.358841061966842858e+02
-1.387986040029109081e+00	7.262480391248029576e+00	-7.538678132108466157e-01	-3.312374971112107769e+00	2.461997282806323426e+02
-1.166390176383532040e+00	1.619092336304719026e+01	-9.339980792436177737e-01	-1.642332534865631288e+01	5.527722312603265209e+02
-8.327037458186610230e-01	1.294005592121230563e+01	-1.264913211991128605e+00	-1.007201006974483803e+01	-4.709496929058090018e+02
-6.356190501549576766e-01	7.774062097929127724e+00	-1.325504863335793981e+00	2.810192600629340731e+00	-1.707816683525888664e+02
-5.281355106691206780e-01	1.870415381152652934e+00	-1.173950014554241639e+00	1.211760445237456274e+01	-4.761967073865123439e+02
-6.195125488339051634e-01	-1.222874079144546755e+01	-8.022731068824150436e-01	2.693332190639114643e+01	-6.367912993776857320e+02
-8.172596697016493161e-01	-2.411020019104171297e+00	-3.071646638072421664e-01	1.728685803085779327e+01	7.931008544614757056e+02
-7.379822829013910068e-01	9.005939694018477937e+00	-7.493905332370144612e-02	5.767150778711005010e+00	3.995329446615238567e+02
-4.665946292731159017e-01	1.998426775364534791e+01	-1.413912071233243695e-01	-1.530679909478914347e+01	8.961518296187903161e+02
-2.974075858378237569e-02	1.633395282440937279e+01	-5.010511378717992237e-01	-8.363841744513251797e+00	-6.914276481320615630e+02
2.000761309957350687e-01	6.956101280186751445e+00	-4.579065900448167081e-01	1.057551284682279480e+01	-5.448383554728260378e+02
1.907759825168568735e-01	-9.978422109232658599e+00	-1.010060967267881193e-01	2.708648239258767987e+01	-1.053073389594898572e+03
-2.497427377185538339e-02	-3.284475739036643915e+00	4.596904946776726453e-01	2.013107364484439898e+01	9.619938502119317718e+02
5.668374073335319396e-02	9.508810833314420563e+00	7.194858909266074187e-01	6.014326194542171322e+00	3.865606266589767301e+02
3.321914477899559071e-01	1.982507361355136766e+01	6.484109013333605454e-01	-1.562341459264311538e+01	8.392102189688812359e+02
7.558754792483775020e-01	1.551416397719965445e+01	2.877278935259308668e-01	-8.928384277265161373e+00	-6.926345393145948037e+02
9.723963109299671448e-01	7.018564790577126011e+00	2.921706469959681751e-01	7.083642636388588265e+00	-3.888799405278429617e+02
1.016854199898071354e+00	-3.647873600564486729e+00	5.262826010113101916e-01	1.660371911156415337e+01	-7.221907594159984001e+02
8.150889966991152757e-01	-1.216199547963060468e+01	9.884794358449127127e-01	2.499982100733760504e+01	5.221004260522746563e+02
7.027208130095128347e-01	-7.802881867046806974e-03	1.338788025434805906e+00	1.160321084133530789e+01	4.057424458511072771e+02
7.625214697520712459e-01	5.073936845144627839e+00	1.502609521161176742e+00	4.910603539312817567e+00	1.324142557119605215e+02
8.828638459832988117e-01	6.778704266687999080e+00	1.534529322824555342e+00	-1.781547271275112143e+00	9.148457511128580677e+01
1.050677229106392385e+00	1.084207349374646689e+01	1.415305270350811995e+00	-1.092823427435403261e+01	3.326467575598024951e+02
1.311408288163231850e+00	1.260699971106697781e+01	1.120417275383620792e+00	-1.471054265078287493e+01	-3.356539040157911700e+02
1.489032648207932352e+00	5.628489918579352214e+00	9.198926703307225283e-01	-6.101620194208368986e+00	-2.447939163379987235e+02
1.562973874495101390e+00	2.114144518649666793e+00	8.337089719506235452e-01	-3.172457438105222405e+00	-1.335980465441533624e+02
1.580364057868065997e+00	-3.303335251389309946e-01	7.781089903023413745e-01	-2.522999601626612964e+00	-1.180938542027083145e+02
1.549526276339064923e+00	-2.784506599279807482e+00	7.337298688189475282e-01	-1.704332261233097334e+00	-1.291565513882610219e+02
1.465773289863140816e+00	-5.767426221842669065e+00	7.253400618756382645e-01	1.515860392568134651e+00	-1.910394051272914453e+02
1.289711260314502228e+00	-1.365459513820265691e+01	8.467986029641436652e-01	1.328492950134090655e+01	-7.577628033967489500e+02
9.108696909341853498e-01	-1.690358571096141915e+01	1.257276549852176517e+00	1.695008836908703387e+01	8.122404131611203866e+02
6.803422804819343472e-01	-8.460088233107299516e+00	1.393698176006165301e+00	-7.289922385770903901e-01	1.755171033623388723e+02
5.559402766135220775e-01	-2.899306757910211640e+00	1.270434809759586114e+00	-1.115068694275162642e+01	4.708568800854615688e+02
6.392137467576790577e-01	1.409522772511719779e+01	9.090152002530342834e-01	-2.875810705027776848e+01	1.144860328613249067e+03
8.979276794614559076e-01	3.465664878012058026e+00	3.492618242258579975e-01	-1.823751534066335367e+01	-9.733195893541352461e+02
8.192761156365815367e-01	-9.578997887545209977e+00	1.132769557170382468e-01	-5.224444281648175092e+00	-4.348153397309733350e+02
5.131569622716302126e-01	-2.465285685611002719e+01	2.377010301799797887e-01	2.268124054384089305e+01	-1.316266915890426844e+03
4.589373598530713250e-02	-1.477930464256287024e+01	6.374397231307911138e-01	4.591273480301012455e+00	6.125324235176877892e+02
-1.496880633887447687e-01	-3.788057820667760645e+00	5.154159365071617760e-01	-1.470327108152976869e+01	8.125881547087449235e+02
1.881906238372019202e-04	1.876340279085671980e+01	5.607096739806458063e-03	-3.751336502280250329e+01	3.834038882541403837e+01
1.545295270589392422e-01	-3.674422599160491743e+00	-5.089821340333818833e-01	-1.483179560301078226e+01	-8.210865756550778087e+02
-4.056532215024585830e-02	-1.477700064623207155e+01	-6.333284790926543284e-01	4.476638403636067132e+00	-6.108694761878383588e+02
-5.090828966132201483e-01	-2.477870259549429477e+01	-2.334392523880055026e-01	2.279106562657110757e+01	1.329912132961640054e+03
-8.163600785081644995e-01	-9.572353915450968032e+00	-1.099345919750027989e-01	-5.401902432739373872e+00	4.415519260431710222e+02
-8.925830976273551043e-01	3.596378436079571195e+00	-3.511403166967569933e-01	-1.848582383798222395e+01	9.832004186851073655e+02
-6.357338323309092987e-01	1.372453877119908938e+01	-9.112268233798623829e-01	-2.846620087577574409e+01	-1.140766167897877040e+03
-5.582318620755870597e-01	-3.125349018849040483e+00	-1.269910088920902513e+00	-1.107956873013174004e+01	-4.662335782507699378e+02
-6.867295239901344273e-01	-8.691203549179451926e+00	-1.390907259098393300e+00	-4.907055935024344229e-01	-1.836014885947732296e+02
-9.262075912510695508e-01	-1.761158000118168587e+01	-1.243523386331331748e+00	1.781682218984487776e+01	-8.082466547217236439e+02
-1.303278750201999570e+00	-1.317008412473267853e+01	-8.396594533836287955e-01	1.229973772280790811e+01	7.172024795105436397e+02
-1.475538263364027713e+00	-5.805496562341533107e+00	-7.315978057713039551e-01	1.068011998243056482e+00	1.883054965751301495e+02
-1.560695893501515830e+00	-2.802047791990198267e+00	-7.490808078865444086e-01	-2.221020848415505622e+00	1.374773026634481994e+02
-1.590028311885070211e+00	-1.439266296645580478e-01	-8.048538128839998196e-01	-3.171174972964569960e+00	1.303931855091542218e+02
-1.566116814264816526e+00	2.624043305615213928e+00	-8.761692907998221980e-01	-4.159403686349252283e+00	1.584914168239395167e+02
-1.475566549766237578e+00	7.006184450219197224e+00	-9.909790553522502821e-01	-8.296021920010524298e+00	3.143023359604964639e+02
-1.260138435985656002e+00	1.363849330473106924e+01	-1.249535905503246669e+00	-1.639171826959238132e+01	5.678238404491844449e+01
-1.025709771909854240e+00	8.783547751245325941e+00	-1.509803016442068380e+00	-7.920695518247044653e+00	-2.572821439341107066e+02
-8.830565119747948444e-01	6.108688914608162435e+00	-1.585931842196585340e+00	-2.613977904208018566e-01	-6.109617050401291749e+01
-7.751645796622979034e-01	4.312121261188289978e+00	-1.527786294704194914e+00	6.055897981853426870e+00	-1.629747394298751146e+02
-7.385152565711531336e-01	-1.665127721706185504e+00	-1.342089145732308308e+00	1.295279961808541458e+01	-4.822234458093056446e+02
-8.949021873527548410e-01	-1.369012481054671504e+01	-9.467339773206260300e-01	2.676694947456725870e+01	-1.582632980847369879e+02
-1.068532943866526086e+00	-1.471304822301366499e+00	-5.150106840831797372e-01	1.458798307943297523e+01	6.428985491786752391e+02
-9.922233686570691713e-01	8.152066551602421995e+00	-3.127621118415978008e-01	5.294475618581473420e+00	3.580756162624073227e+02
-7.473943161845952865e-01	1.798591282709804773e+01	-3.636186761386515087e-01	-1.319863295877614462e+01	8.557836341433888947e+02
-3.149013077591203413e-01	1.731826619350242780e+01	-7.369073520749404027e-01	-1.121729134293802943e+01	-7.639208974755439385e+02
-6.968968690686810907e-02	8.155587056519960854e+00	-7.411331747326499464e-01	8.598759008177930596e+00	-4.561349381384035269e+02
-3.622906924937829842e-02	-7.046509242726292754e+00	-4.281146255483240792e-01	2.398935046028512375e+01	-1.101766082914557956e+03
-2.668480695439353623e-01	-6.025940793979142285e+00	1.517769036256438608e-01	2.312278743132277725e+01	1.106322714287496638e+03
-2.136116756743342560e-01	9.175017310750572364e+00	4.517237857197450857e-01	7.695419719037423611e+00	4.693958701411831385e+02
6.588969441914653558e-02	2.054362886975644287e+01	4.032835392226885030e-01	-1.548363479043648105e+01	9.477319615555362589e+02
5.141106425525623358e-01	1.630735187209941373e+01	3.216653098654966708e-02	-8.360196328650935982e+00	-7.336809988852533024e+02
7.386428596392049517e-01	6.644520651583563087e+00	7.158036350240072621e-02	9.871651428853152055e+00	-5.221780518823087505e+02
7.360718026841817085e-01	-8.602179079212453061e+00	3.937971665647827524e-01	2.388805797145406729e+01	-9.993626229722466405e+02
5.040166622126200924e-01	-6.135793493284529276e+00	9.338552111711779791e-01	2.066882610649561514e+01	8.918866057137656753e+02
5.175625496037919993e-01	5.649867748838804715e+00	1.213454033617717531e+00	8.663649876609472500e+00	3.452337127919743693e+02
6.820090812561464544e-01	1.044439326512816990e+01	1.276100502576966944e+00	-3.035703760284603980e+00	2.688032359780740990e+02
9.779438535000302135e-01	1.950003964946442636e+01	1.042229097529756787e+00	-1.991637823013093112e+01	1.688584699589563911e+02
1.292085462183167222e+00	1.030693864300185325e+01	7.503240684359802071e-01	-6.541237268483297562e+00	-4.158669775926794614e+02
1.440865108648025972e+00	5.314010140316580255e+00	7.136918063923949340e-01	1.483942665924265825e+00	-1.738632347110029457e+02
1.513647377394784277e+00	1.927307484447995378e+00	7.780801114608593139e-01	4.477386825920215863e+00	-1.727669889845192586e+02
1.516368386929229262e+00	-1.762009086010362768e+00	8.848519834365542458e-01	6.286940603020108931e+00	-2.064768463441903066e+02
1.431975541063479573e+00	-7.133257770754173777e+00	1.049887479726250294e+00	1.104286641399636082e+01	-3.399228224985604925e+02
1.232012592095975689e+00	-1.119683217868058023e+01	1.334350401829516919e+00	1.528106320557064279e+01	1.114643635651579956e+02
1.052491382632380068e+00	-6.553646280107752631e+00	1.567474087316978348e+00	7.597796216319880891e+00	1.905424123602432189e+02
9.458195508090271320e-01	-4.627138955455381897e+00	1.661207935894127186e+00	2.216321497507105942e+00	3.023873394668180481e+01
8.564104110545176507e-01	-4.311927526129960775e+00	1.662198547498108026e+00	-2.167225687187390726e+00	2.809367328617032200e+01
7.836530612857923739e-01	-2.373831178318466684e+00	1.569911977810586556e+00	-7.141757267321288793e+00	1.920853731777264102e+02
7.931327665427758689e-01	4.630602552336863909e+00	1.365125846438315582e+00	-1.447554693066838993e+01	6.065815912724357304e+02
1.040610241797831570e+00	1.579354803983576616e+01	8.897260311821466594e-01	-2.819561109123203479e+01	-6.788230798925667386e+02
1.178142390565780850e+00	-6.942568742366346246e-01	5.143492626082137864e-01	-1.195259101114360512e+01	-5.660701729727073825e+02
1.070772623727627604e+00	-9.265639623042593698e+00	3.603859141778132935e-01	-2.366452587825313536e+00	-3.460054695581404189e+02
7.762776343716140115e-01	-2.400726528116909364e+01	5.199024988859741736e-01	2.338582978983667005e+01	-1.230686137384490848e+03
3.289203405413244075e-01	-1.416655980109489299e+01	9.214650765445888680e-01	5.448087409617372145e+00	5.756263023965606180e+02
1.326014107172279188e-01	-4.818450884342196261e+00	8.281597056543446023e-01	-1.290494455032693466e+01	6.832901820395389905e+02
2.360610884732892156e-01	1.779469476301970232e+01	3.786935043944513191e-01	-3.586298669787625926e+01	9.238249681703647411e+02
4.463531439295475023e-01	-1.399450232228546476e+00	-1.859775346307012134e-01	-1.664927965455633796e+01	-9.428891292250664264e+02
2.779995064277423489e-01	-1.385022394595679529e+01	-3.548784008296286818e-01	1.650432432746521627e+00	-5.465774833235258257e+02
-1.789502102402848460e-01	-2.784614994448508085e+01	9.337300674348745014e-03	2.676317643439469052e+01	1.160168589825633944e+03
-5.236837894166116447e-01	-1.058731743156075567e+01	1.741215109226199320e-01	-5.330887246803721169e+00	4.778917425874170135e+02
-6.043500209786327737e-01	5.038882891027729904e+00	-9.328137479684771305e-02	-2.163194233246969844e+01	1.239515026743491262e+03
-3.233216887869344580e-01	1.039577223989254406e+01	-7.152360578138952096e-01	-2.660523578563507741e+01	-1.412775173009474429e+03
-3.214207798585980158e-01	-6.971117173239079534e+00	-1.045455638819006827e+00	-9.285296057762387534e+00	-4.683916147169064743e+02
-5.355103255562204678e-01	-1.490552173487730059e+01	-1.067941642874449260e+00	9.018582974285049403e+00	-6.834406025239784412e+02
-9.781241551628687692e-01	-2.053416620562725114e+01	-6.416906804187683111e-01	1.953606628552508795e+01	1.189352529884569094e+03
-1.233731709744125382e+00	-8.232771713825162152e+00	-5.080010701101849158e-01	-1.730318997267509928e+00	2.914472859020014539e+02
-1.336910200219407097e+00	-1.622874723536234187e+00	-6.271253140986083885e-01	-9.206335332055438414e+00	4.060582727985403722e+02
-1.266702128569385799e+00	1.021019641564731728e+01	-8.914254912647373574e-01	-1.956901515976223038e+01	8.508998915578490596e+02
-9.843993603706764350e-01	1.074237338613934689e+01	-1.368585342145931527e+00	-1.916218643064108562e+01	-7.768509839611156167e+02
-8.804897724032898498e-01	1.611149487770699107e+00	-1.615382252970259946e+00	-8.057321954156433819e+00	-2.143275871245113819e+02
-8.769581051043552344e-01	-7.150996491807944944e-01	-1.737975520919786909e+00	-4.567108164342642773e+00	-4.596161321211354789e+01
-8.945030560534115160e-01	-7.870263655037454953e-01	-1.806616242723281474e+00	-2.419983155150712495e+00	2.946677495952415882e+01
-9.016985866322946297e-01	1.727396336541834332e-01	-1.839365729268613192e+00	-9.184619853802840073e-01	6.005106093437552062e+01
-8.857976348831818614e-01	1.406586688413651309e+00	-1.843461603048096809e+00	5.826271231847164334e-01	5.706856896726331030e+01
-8.486438101238545917e-01	2.111922449908172350e+00	-1.810039642889071709e+00	2.949910625489819083e+00	2.579014178746598662e-01
-8.147601552710498352e-01	7.483922150345776458e-01	-1.717987128855414936e+00	6.411149026535729156e+00	-1.570456377953714764e+02
-8.539375510500938349e-01	-6.469989649685980559e+00	-1.530803093687282956e+00	1.418057427147450689e+01	-7.754754788606643388e+02
-1.238628030849969752e+00	-2.156348526348102723e+01	-9.257092817718584055e-01	3.352583931239089310e+01	2.160104082185766401e+03
-1.378755904824874978e+00	1.655988858533105956e+00	-5.723824229473274405e-01	1.044647652802709281e+01	5.823423784103428034e+02
-1.250820422169341972e+00	1.040015688567424945e+01	-4.593810083151014245e-01	-1.124073929677134487e+00	4.249663332053660838e+02
-7.965336605161158490e-01	4.011480642105551908e+01	-8.922484014488307746e-01	-4.755346967344159026e+01	-1.464342928318346594e+03
-3.936424974880379790e-01	1.090874838511570744e+01	-1.201743329220544165e+00	3.794622354504430195e+00	-4.181022157538510555e+02
-3.203864930593920968e-01	-8.360037288602203631e+00	-9.258981897073503831e-01	2.494406188947723280e+01	-2.050160342281468729e+03
-7.534887365988328645e-01	-6.115207299135783536e+00	-1.165435396149570729e-01	2.371288334478760973e+01	1.975403802033475813e+03
-6.259509473967670434e-01	1.467905599333312594e+01	1.262257934697838813e-01	-9.099816326163789881e-01	7.067755458901480097e+02
-5.397075027943246117e-03	2.964896241379090469e+01	-4.655709079720504739e-01	-2.851277880160500189e+01	-3.422495556970578946e+03
2.991400276309875150e-01	6.160252840120479689e+00	-4.845405901609712296e-01	1.517961750309336111e+01	-1.142559815064189024e+03
1.515460029531631725e-02	-3.204791202238185832e+01	2.135484744207269137e-01	5.420538652561852899e+01	3.238330884171490652e+03
-8.612588575118126921e-02	1.006299919777772267e+01	7.186162444089633228e-01	1.012637267465191826e+01	7.940519673314965985e+02
3.209579752065601088e-01	4.315904190033543841e+01	4.995712414869531437e-01	-4.909191797992340867e+01	3.104115643899673159e+03
8.485843364024673319e-01	1.260065203695075553e+01	5.270813483950216594e-02	3.518155631186002275e+00	-6.197448210334199530e+02
9.159285092272360096e-01	-1.114601398988997261e+01	3.497665454088152437e-01	2.765560540748985829e+01	-2.468399580720895756e+03
4.745075665597582870e-01	-5.073473695238792658e+00	1.153306866759672422e+00	2.107632770424661217e+01	1.614469750804162459e+03
5.699700066894308748e-01	1.067718351095102491e+01	1.388242165002182782e+00	2.346167992059334573e+00	3.488923020799186361e+02
9.770298389064083766e-01	4.100428622112119115e+01	1.045064802799703374e+00	-4.967971997615098445e+01	1.101176406145908459e+03
1.415310067240763470e+00	9.678887655999327322e+00	6.083706044439773919e-01	-2.119836591056789121e+00	-3.989298356883978158e+02
1.542755778329509830e+00	2.822594893819659667e+00	6.831666402772627045e-01	7.730424141848462938e+00	-4.078469393958126830e+02
1.497828816252668727e+00	-9.544823539754506925e+00	9.037370425832363940e-01	1.726043642603005424e+01	-1.167302985883127121e+03
1.077737575060885744e+00	-1.679570430963790173e+01	1.523586611606062569e+00	2.480966862722370792e+01	1.739746873146762255e+03
9.266436003413822675e-01	-3.170496290702097486e+00	1.776238045879643401e+00	6.680888647381303613e+00	1.824175564075724765e+02
8.822886130640663627e-01	-1.857329332472658079e+00	1.868408454393929219e+00	2.981680804693040532e+00	-6.596439073848883616e+00
8.391867107268587977e-01	-2.594311104184622518e+00	1.900656743224283574e+00	1.474071132942945672e-01	-5.068066725376485948e+01
7.805622925783832766e-01	-2.907784973645376247e+00	1.865017767824772132e+00	-3.967806299587520513e+00	5.696393955051766511e+01
7.526987728103444741e-01	1.314912644437549183e+00	1.735708908281629492e+00	-9.224172851514165217e+00	4.302825159995088597e+02
1.089389441202472941e+00	6.567218458343373300e+01	1.190097523868127061e+00	-9.045505274254402650e+01	5.033129948122355927e+03
1.481513493296832573e+00	-2.149045113972634979e+00	5.208040194901863984e-01	-1.162981830003139549e+01	-8.677458271606785729e+02
1.307613204616804969e+00	-1.529166535583258479e+01	4.507221526787250632e-01	1.032035448552676549e+01	-1.334756189314300173e+03
5.084089173471855183e-01	-1.600700725806396463e+01	1.376152343634174713e+00	7.999343268411324814e+00	1.087553386080638347e+03
3.597180258047874557e-01	7.381315570287324768e+00	1.176276413660954034e+00	-2.467150078103929900e+01	2.879082424004477616e+03
9.952721152681289762e-01	-8.839617341196921441e-01	1.020250882855023300e-01	-2.033651184948730517e+01	-2.175477513214146711e+03
6.484954812156141779e-01	-5.793526262225596213e+01	1.608703769312427034e-01	6.953700887212123405e+01	-1.787966729101163583e+04
-1.072534737575220332e-01	-9.515160946031908651e+00	8.338318145914909163e-01	-1.614068433801789837e+01	1.719467761085739994e+03
4.733213698969802041e-01	1.551434588536369752e+01	-2.617301617974919226e-01	-3.638786322812672580e+01	-5.906372642332797113e+03
2.572856398622268004e-01	-3.293988750370370866e+01	-4.465029246486749148e-01	3.138289928003674945e+01	-6.701392255413144994e+03
-5.869083006728351704e-01	-1.217211928649756381e+01	3.590946031451246467e-01	-1.365281109502695855e+01	1.554132969431607080e+03
-3.889390396624404361e-02	2.287538239311295740e+01	-7.156540233640462656e-01	-4.371156052507819822e+01	-8.110264693374895614e+03
-1.839351925210935268e-01	-2.357223358421583370e+01	-9.852580069039316157e-01	1.663582469722406643e+01	-2.901885346727314754e+03
-1.039555208861374647e+00	-1.429241712681489496e+01	-9.190692418213665393e-02	-4.939003552817098353e+00	8.828463789677889508e+02
-8.479239311906231480e-01	8.416826404507490622e+01	-7.146234561438442601e-01	-1.188442475219455758e+02	1.147393278209977143e+04
-5.027347103900934311e-01	-9.998262614670048620e+00	-1.484187320320283554e+00	-9.665956234039505546e+00	-8.106133785451106633e+02
-1.111826892807840306e+00	-8.750972087815394218e+01	-9.182966771162522912e-01	1.134331221229541455e+02	1.630108021970114714e+04
-1.549843537455252829e+00	-8.225095233731526179e+00	-5.425822821479320268e-01	-5.429011826533427509e+00	4.964048701304679412e+02
-1.563623026909477298e+00	1.120823215802779771e+01	-7.785725443457763850e-01	-2.080406845416078454e+01	2.300434004175940572e+03
-8.930214160546974256e-01	9.055875525386678504e+00	-1.736775284577197542e+00	-1.621035668254591400e+01	-1.422370809328132509e+03
-8.432572817885686245e-01	-7.971521024675261025e-01	-1.925294943341285814e+00	-6.181484035394516852e+00	-1.684694226558253263e+02
-8.771834853611861771e-01	-1.935280746816003372e+00	-2.011827461910863146e+00	-2.604752241228800447e+00	2.736103486920557515e+01
-9.049577814740838999e-01	-6.530963932011786266e-01	-2.038701545532014769e+00	-3.040079822448443769e-01	8.358295327444456291e+01
-9.012841489257826799e-01	9.719877105546816942e-01	-2.028248743925642916e+00	1.388789603527553540e+00	6.897117931565098559e+01
-8.726034024991582427e-01	1.567639331657555868e+00	-1.976777685074452062e+00	3.955313186116987900e+00	-2.865295781693706090e+01
-8.602059542060265240e-01	-1.169044392651872544e+00	-1.861989813429268947e+00	7.840817524231605162e+00	-2.913552828954289566e+02
-1.048512099213664506e+00	-3.544073368307810057e+01	-1.519720369075078681e+00	4.978067651516398939e+01	-7.838365042223696037e+03
-1.596027841552624338e+00	-1.615519011653549164e+00	-6.885031439475712833e-01	1.299426175626386382e+01	9.731570548141328345e+02
-1.484198661871944713e+00	1.092160308277380310e+01	-5.413740386619615430e-01	-1.129138661211749550e+00	4.919312203212259647e+02
-7.486217729166644297e-01	3.243937454205892124e+01	-1.375421468980317474e+00	-3.651076204943575476e+01	-6.861354624354610678e+03
-4.692145786492832871e-01	4.433731361807957683e+00	-1.403265051966753774e+00	1.602323583305112109e+01	-1.400872991060056165e+03
-1.047763839145659848e+00	-2.131417966420420029e+01	-3.883801897984608398e-01	3.952746866862159436e+01	6.553198889169873837e+03
-9.479587414293750847e-01	1.861209519423799463e+01	-9.262305042862879756e-02	-6.942347715963219201e+00	1.401638911401360019e+03
-9.602218104411160138e-02	1.746408435194218356e+01	-9.866011801573428830e-01	-6.070569014165991817e-01	-9.798925567960851595e+02
-2.018055205927777040e-01	-7.681679387635651324e+01	-4.056474183174346715e-01	1.116698123861492036e+02	-1.538159257125455406e+04
-4.967298118635468107e-01	1.714708270336147322e+01	4.112281466172127420e-01	3.763559588832631420e+00	1.073615733134886568e+03
3.808291993264462660e-01	2.103098621768882381e+01	-4.708559653433603831e-01	-6.643309333164575392e+00	-1.645276779771678321e+03
3.304824855215433566e-01	-7.439299946843524936e+01	6.681825953719065792e-02	1.089014433574615452e+02	-1.917591993204599930e+04
8.952718093890629780e-03	1.696162123154137191e+01	9.223509039618225103e-01	3.905475625230552694e+00	1.013937351779004644e+03
8.829523063826617557e-01	2.031105412252381015e+01	3.082636066795280128e-02	-8.087085746005296727e+00	-1.683211877542810726e+03
9.452420727217679675e-01	-3.720707974308449906e+01	3.971795569640020895e-01	5.962028814183481984e+01	-1.261499234671232989e+04
4.342781741005402041e-01	9.775020987368719716e+00	1.390611757878929211e+00	1.296911063971053224e+01	1.199030568734101507e+03
1.084713408379999189e+00	8.055522046929122837e+01	8.167314212740997004e-01	-1.027370072074678546e+02	-1.909997485797907575e+04
1.510667415194810070e+00	7.525514670538823836e+00	5.340906320275050634e-01	1.062191477418594587e+01	-9.211674810525820476e+02
1.236909130982987604e+00	-7.400923075760709935e+01	1.141810069363458080e+00	1.030143830748016001e+02	-6.195686710344846688e+03
8.439787832597547279e-01	2.170417984105057929e+00	1.835949020630267992e+00	1.129345863407085915e+01	6.764919317903542151e+02
9.654831463975193095e-01	7.975786169958604788e+00	1.939080402775417600e+00	-1.855360654900977124e+00	1.443950620700699403e+02
1.377230111707741678e+00	6.663959615139754078e+01	1.470760549583758792e+00	-8.838499398381401306e+01	4.571474572075504511e+03
1.833891068057701856e+00	4.648996582712298320e+00	8.695011801677560159e-01	-7.126206437866475341e+00	-4.457568215116394299e+02
1.860880338002602885e+00	-1.485958356867898900e+00	7.587810024830951017e-01	-4.835602696527594446e+00	-2.694100236516682116e+02
1.779830395987092473e+00	-6.426481589655244520e+00	6.950164350898169197e-01	-9.444092450441932129e-02	-2.375057755802169481e+02
1.450286333318813181e+00	-7.278907707072725941e+01	1.017470180309602679e+00	9.477840050051599974e+01	-2.726692192921671449e+04
7.473934536363134873e-01	-1.021294800244894674e+01	1.787889988466524471e+00	-4.716569136239930238e+00	3.921616927636860623e+02
7.851241676656165458e-01	3.743783462612003632e+01	1.418237611666776532e+00	-5.580651828409995119e+01	1.352828542793923225e+04
1.381851841952180360e+00	-9.639171818785674972e+00	3.632407805413399027e-01	-1.250577346150757307e+01	-1.325290186370544916e+03
5.376485855938043512e-01	-4.632990903354870937e+01	1.204081286226138525e+00	5.352185963969166949e+01	1.554090594439887172e+04
2.696813882086538383e-01	1.109729484393876042e+01	1.114867402311562561e+00	-3.199832454095887613e+01	5.163808589432285771e+03
9.126010706693525876e-01	-1.299407611385807826e+01	-8.173771787463995908e-02	-1.461608744740957633e+01	-1.854291244824313708e+03
-3.625322153122688407e-02	-2.439000722622067485e+01	8.487737392508672984e-01	1.293511066910991758e+01	2.727310073346489389e+03
2.021513683875301171e-01	1.268985906059789954e+02	6.031825850841820991e-02	-1.776211620980964767e+02	-2.740310440391407246e+04
2.846693670433605439e-01	-3.072613077853278796e+01	-5.368630578916609997e-01	2.454972403483206023e+01	-5.659161396210080966e+03
-6.524621120756267656e-01	-7.613875138025865574e+00	3.176059208365347719e-01	-2.241118827608793040e+01	3.058525411510321192e+03
1.908237047031740088e-02	-5.098974663266541363e+00	-9.417271594690151959e-01	-2.364557379994767672e+01	-3.179205594687355187e+03
-8.685790984483454658e-01	-4.220491136278810274e+01	-1.522524909116686198e-01	4.536980981624692788e+01	1.286656443676439812e+04
-1.074118978808206615e+00	2.735114984197341670e+01	-3.459559292516232176e-01	-4.836370623312838291e+01	1.121412146376573764e+04
-4.741523904204435480e-01	-1.356186603466282037e+01	-1.490282370454547145e+00	-1.012047563155108776e+01	-1.141089570568582076e+03
-1.391640926717433890e+00	-2.274743367142474426e+01	-5.222654929553189884e-01	1.882483066261852400e+01	3.432866606168780436e+03
-1.574740557637265281e+00	7.235956691622637216e+00	-6.712198794446659900e-01	-2.280039308193931902e+01	2.908386633417607754e+03
-8.305288934735191031e-01	2.088334018704324890e+00	-1.815269858668883129e+00	-1.673978778555125402e+01	-1.533153581573925294e+03
-9.618331842148551969e-01	-1.085306095855978370e+01	-1.966690399885453688e+00	3.968713460619087030e+00	-3.792602614184605727e+02
-1.780165574197005718e+00	-2.006722902969671196e+01	-9.561369777218481358e-01	2.417836374128461685e+01	3.960458295683627966e+03
-1.942874063478576163e+00	-4.037050994348136079e+00	-8.048821749977228546e-01	2.088000693857175794e+00	1.858746837634588474e+02
-1.993132707548029847e+00	-1.148807549244633908e+00	-7.792334600213000062e-01	1.166683726149929212e+00	1.291647158899400267e+02
-1.989196592417231457e+00	1.633647769947241368e+00	-7.467120633822704745e-01	2.001881010002272809e+00	1.546181815128816766e+02
-1.924034705565242032e+00	4.934318749022563289e+00	-7.196560091261925418e-01	-3.041771728641176065e-01	1.820909864106330645e+02
-1.731469030753521876e+00	2.784303222311734416e+01	-8.792865144376040831e-01	-3.433037832150486679e+01	8.056594272348643244e+03
-8.233439948456378055e-01	1.077196412477830556e+01	-1.949720110296191411e+00	3.678909738529640094e+00	-3.397233967273402300e+02
-8.946739813440853784e-01	-6.206537359009785604e+01	-1.542576850620436035e+00	8.607691820184875553e+01	-3.447572093081901403e+04
-1.511682797039609838e+00	1.419469494360497208e+01	-4.138410804198449089e-01	5.987017978553895503e+00	9.421771458505811552e+02
-4.806583280313125317e-01	1.881256299420116562e+01	-1.531481793247570389e+00	-1.450941906489499278e+00	-1.053484525108273374e+03
-1.111129587293044008e+00	-3.330710614855129847e+01	-2.948184817198885033e-01	5.562072679905574546e+01	1.728912727466412980e+04
-4.429497805426574897e-01	2.205915995096721929e+02	-7.319531340773235417e-01	-2.900251206253714713e+02	-1.611597463224984531e+05
-2.050399758903609648e-01	-1.722890587159944573e+02	-5.745402908843249001e-01	2.360393323127725864e+02	-1.361892282456509420e+05
-3.986305653001822602e-01	1.272699364934479149e+02	1.637756039672063624e-01	-1.620994965380121471e+02	1.095619447900177329e+05
2.711772721900552185e-01	-1.242592156639653069e+02	-2.482924666911983658e-01	1.728150769212996636e+02	-1.071269933826180495e+05
5.535110976369779501e-02	1.701544991399274238e+02	5.256528455080466955e-01	-2.203271457153193751e+02	1.624661013745245291e+05
6.452554813956212776e-01	-1.588479818850497338e+02	2.174517083701238696e-01	2.181675329075895604e+02	-1.372861515131506603e+05
3.860422463134309812e-01	9.577239218075200711e+01	1.039869547397850313e+00	-1.196204748618791598e+02	7.195384609933086904e+04
1.224533924009710173e+00	-3.011426582472633129e+01	3.763027414528699599e-01	5.261219796172611751e+01	-1.589090912566050065e+04
5.911902389531079605e-01	2.070667578384161089e+01	1.634199861721499003e+00	-5.635784525202588213e+00	1.452891525683257669e+03
1.646293464701370723e+00	1.235602962576891528e+01	5.272604572819409308e-01	1.306860933883037035e+01	-1.672100318287264145e+03
8.610248958893162996e-01	-1.156125310134086881e+01	1.844108872153712220e+00	2.710648886393681067e+01	4.492148711132764220e+03
1.015470512273152659e+00	1.838542083518669301e+01	2.020163121367840375e+00	-1.548491491248989149e+01	2.352459056875041369e+03
1.987473062647104660e+00	9.579270167440954609e+00	8.356835014513633864e-01	-2.205471500317287337e+00	-3.927845388313159560e+02
2.098907535326488993e+00	2.133551257628092390e-01	9.405980468163539499e-01	9.022028642234818818e+00	-6.500513515605679231e+02
1.601292792772700979e+00	-1.644275868900002138e+02	1.669608517046041296e+00	2.200829413688249758e+02	2.064697186836835317e+04
1.100065192466294750e+00	-7.445154885611612094e+00	2.264297100921734973e+00	5.835957538195692962e-01	4.383017667338431522e+01
9.979488690124176387e-01	7.425119677749492109e-01	2.126236211201577575e+00	-1.293222603133838255e+01	1.005896907875201464e+03
1.847393207726997888e+00	1.288928874092510313e+01	8.862177703848479471e-01	-2.520769306773218332e+01	-4.103356283029341284e+03
1.725535704910096779e+00	-1.736859146481603489e+01	6.855600423319045955e-01	1.047529120856467699e+01	-1.691930498108198890e+03
6.936394602247452079e-01	-1.357245251717699652e+01	1.812181931545672420e+00	-1.178489889600632523e+01	1.367241469277013948e+03
1.460336587435695943e+00	6.824977937442042730e+00	4.629116361570398408e-01	-2.972389665324574182e+01	-5.325748536646529828e+03
4.914106636017844254e-01	-4.675550151771628293e+01	1.334796107588484437e+00	5.095853795387787954e+01	1.883328473572837538e+04
9.413175577838391872e-01	7.741770370931014611e+01	2.694151452607318475e-01	-1.113704434805101187e+02	-5.913145311724698695e+04
1.190450602273745162e-01	-6.865702107426510281e+01	8.879566932819314973e-01	8.023217849550847802e+01	4.055864264540186559e+04
6.059443428424052813e-01	2.899918796347991190e+01	-2.596151588739708527e-01	-5.657088825374557928e+01	-1.810319451014366859e+04
-4.115561136766879291e-01	-3.028849891509847581e+01	5.807728473130135960e-01	1.359271890632089885e+01	3.983670468027964944e+03
2.254605860259757122e-01	-4.881746883589334729e+00	-8.131610318245607871e-01	-3.204358977011954579e+01	-6.295536631491650041e+03
-9.090378219874232224e-01	-2.146994194528341282e+01	1.689861052932181418e-01	-1.292836086655272254e+01	2.526735788196289377e+03
-2.071726620354233939e-01	-1.572913210114808003e+01	-1.290463534856130190e+00	-2.154006598349274171e+01	-3.651564474418046302e+03
-1.340702990876076806e+00	-1.722813060299479204e+01	-2.470294928081041008e-01	-1.651729876023045307e+01	2.729709394271954352e+03
-5.876639526331481900e-01	-9.687836606483076096e+00	-1.680910005551147224e+00	-2.255508000719215289e+01	-3.461115369244672820e+03
-1.667188939295913608e+00	-2.025594487138538824e+01	-6.100642105713194319e-01	6.109394158856289891e+00	1.581778810266275286e+03
-1.094889926068330910e+00	7.643121904483970752e+01	-1.757100301440354340e+00	-1.057154275394073579e+02	-5.343746741094067693e+04
-1.087624824387914746e+00	-1.649840466355958668e+01	-2.154925151835285213e+00	7.506819409037976953e+00	-1.067163750143824245e+03
-2.098437570765081528e+00	-1.147945986475183133e+01	-9.537545647562944984e-01	1.641699407845334413e+00	4.806763862455871958e+02
-2.194560386484840198e+00	5.480468281656158069e+00	-1.127686203472433535e+00	-1.490101729591225777e+01	1.546240363904993728e+03
-1.300479530587906885e+00	9.124805646527502034e+00	-2.355859249415227286e+00	-1.309055637739304245e+01	-1.190025495304544393e+03
-1.202237928401948874e+00	3.867128482805072931e+00	-2.482942691260424883e+00	-2.664289773963689711e+00	4.361383705238906572e+01
-1.110715341763965025e+00	4.825642994019620602e+00	-2.466353147174700222e+00	5.073884467671100573e+00	-1.073930815577959237e+02
-1.083920226424934130e+00	-4.839741092314172377e+00	-2.291483019088828677e+00	1.254091400381425991e+01	-1.049837079108722492e+03
-2.074720993658849544e+00	-3.284986525257477474e+00	-8.977129944610680035e-01	1.693083861113929345e+01	2.095682512456279255e+03
-1.857945254471458307e+00	3.191057369288163770e+01	-8.441180174094843336e-01	-3.655196365290268545e+01	1.105280680918119469e+04
-7.727658262235305164e-01	-3.611290820673502822e-01	-1.939337360778614183e+00	2.420661682324026387e+01	-3.902356422999205734e+03
-1.624541399915571338e+00	1.995600422600889345e+01	-4.327911897320320667e-01	5.805358880415891321e+00	1.388231348554988472e+03
-4.259434407927533139e-01	1.527064750611316413e+00	-1.569584510861168347e+00	3.123846755425292088e+01	-6.472407402708248810e+03
-1.140496202662733438e+00	4.129099302671856009e+01	-1.231416599332680328e-01	-3.891047488540789345e+01	1.425578946192602780e+04
-8.703600672101110547e-01	-7.119169647744101326e+01	-1.669549660861186641e-02	1.042936813065759054e+02	6.726011256507509097e+04
2.470006822134081514e-01	2.582247274200248910e+01	-9.206252645470824891e-01	1.528582166133772269e+01	-3.422007578933224522e+03
-4.104792760430902576e-01	4.154013525402647389e+01	6.293072712198717333e-01	-3.257490992180103717e+01	1.171158390066344509e+04
-1.971314317774766900e-01	-1.261861980906723701e+01	8.663180976085308460e-01	4.883390275000353142e+01	1.523657386490585122e+04
1.050471266419486627e+00	-1.223962791410392548e+00	-6.089779662069927380e-02	4.237854700875454483e+01	-1.174061397639349161e+04
1.195801729547728343e+00	7.246513852000654765e+01	2.731000145321478279e-01	-8.343981431379282299e+01	-5.295627060764675844e+04
5.475403239593558125e-01	1.641904113981092550e+01	1.734418848418212589e+00	2.797713871475428959e+01	6.046111911294271522e+03
1.800964337639419321e+00	-4.505776758873096810e-01	6.557919442612318850e-01	3.360158640500797134e+01	-7.647710004870360535e+03
1.046173219676573396e+00	3.113353556674290701e+01	2.131240382909204367e+00	-2.559815597399758147e+01	6.889759228881820491e+03
2.161408615988453796e+00	-1.309154632552017716e+01	1.059341654281700684e+00	3.246366665072703483e+01	-7.339753100390622421e+03
1.301599787120700791e+00	1.636530403354308660e+01	2.542654797142502421e+00	2.452581479780397089e+00	5.353220685631085871e+02
2.465005392418738062e+00	1.223227545116601078e+01	1.184144621835860667e+00	-1.893299337454106279e-01	-3.891283765885372077e+02
2.509894458321630495e+00	-1.764723644497090049e+01	1.429725110257046294e+00	2.642737843602488823e+01	-5.351450076822015944e+03
1.471637212528160044e+00	-7.306853825964383375e+00	2.781110552935162961e+00	4.042520927647474949e+00	8.106510527919242293e+01
1.340946204408012710e+00	-2.608730037303155225e+00	2.694901027736288146e+00	-1.131029985284950712e+01	8.452913970546997007e+02
2.322156216887716340e+00	2.699288984014960491e+01	1.272368054073041765e+00	-4.034204870824887479e+01	-1.216591253823803709e+04
2.164684657927068212e+00	-3.588946450388807818e+01	1.101303491980888394e+00	4.082460971661532767e+01	-1.422180525631710407e+04
1.067256834415126976e+00	2.054845067221352295e+01	2.160474823387659171e+00	-3.969290833304950894e+01	1.114860160257141069e+04
1.796809006735776038e+00	-5.094245639303752426e+01	7.779837080051718035e-01	5.813930440480041284e+01	-2.796234426588710267e+04
1.572600121066894285e+00	6.940460017512197055e+01	6.475907184524863913e-01	-9.960428481277249091e+01	-6.717918918926948390e+04
3.962947336949008692e-01	-2.497365902935958815e+01	1.622184911268917729e+00	-2.275535476101339327e+01	5.140401054425636175e+03
5.874354084778513618e-01	-9.255304069583506816e+02	7.217633395909861527e-01	1.235394034729097029e+03	1.295130398561296519e+06
8.405005211665479425e-01	-3.518041926650193574e+01	-3.487131997703371011e-01	-3.359939485340838417e+00	-3.380804083208098291e+03
5.677665008386054701e-01	-7.215154731181407044e+00	-6.124767407857006907e-01	-4.537101970694451580e+01	-1.435483459842720367e+04
1.096133588646422963e-01	1.279033608673743601e+02	-7.363685541354066943e-01	-1.776344152581904154e+02	-1.981640915113786468e+05
-1.050237826423568999e+00	3.353021898559424585e+01	8.379385292679453201e-04	-6.945397833154761713e+01	3.288276509311589325e+04
-1.405964596144996248e+00	-2.510265720323644700e+01	-1.781273296836400066e-01	-3.072356749210684157e+01	8.357519015814943486e+03
-1.577879364381525429e+00	-7.255746711538908755e+01	-5.748386625092360980e-01	8.338849336095223919e+01	5.656885602343162464e+04
-9.001456942510750459e-01	-2.734675362070914417e+01	-2.146178330825250669e+00	-1.328154972123598654e+01	-2.889691245805955532e+03
-1.949922187570206633e+00	2.861663826925998819e+02	-1.291480155592776180e+00	-3.806648325683644316e+02	7.053946057893830584e+05
-2.371943360913936427e+00	-2.800490126748964670e+01	-1.173454321423222924e+00	1.836868653323875122e+01	4.410719243679544888e+03
-1.503436958957387048e+00	-2.468292343789337817e-01	-2.761820664373058065e+00	-2.797185918509332225e+01	-5.534517041529377821e+03
-2.763045665829655384e+00	-1.795549879309236729e+01	-1.472903075390384453e+00	5.768919553459687322e+00	9.411054397454267928e+02
-1.903327734682697558e+00	4.192752726195125490e+01	-2.950448602190568703e+00	-5.712390962773945802e+01	-2.498550086847882994e+04
-1.928381436473547428e+00	-1.307496742552325664e+01	-3.261327334260890609e+00	3.815579797840786824e+00	-2.694210727485522057e+02
-3.137638800618868906e+00	-1.147756974467444735e+01	-1.778854153990827358e+00	2.298001419922218069e+00	2.371914614648958377e+02
-3.232102626282375546e+00	7.958953227169690336e+00	-1.974938472395396660e+00	-1.625224639692711648e+01	2.021273127515649549e+03
-2.127595412425989263e+00	3.588091772539093505e+00	-3.482620541715125029e+00	-1.117477610615045158e+01	-8.388318854469108601e+02
-2.190636766504821420e+00	-7.462610472906455072e+00	-3.663871606377638201e+00	-4.181324040883932724e+00	-5.057788237320541924e+01
-2.346811423106347050e+00	-1.193999737538694461e+01	-3.592821731259760121e+00	1.413975582099416428e+01	-1.649331706045922829e+03
-3.466214054775464959e+00	-4.215323448295565711e+00	-2.102396616121854134e+00	9.898880696029511483e+00	7.163432733532129078e+02
-3.421462192261300661e+00	7.647935516010598178e+00	-1.923293625928826023e+00	5.619082610673585165e+00	2.364659872858404412e+02
-3.222918694618081226e+00	2.240278850601953309e+01	-2.020354008473941754e+00	-2.737015715104897140e+01	6.454347344509857066e+03
-2.015038289098083357e+00	1.068349100041032251e+01	-3.445622761768279307e+00	9.345122632317877986e+00	-6.665678874213591598e+02
-2.994512930041069776e+00	-4.113576543014819720e+01	-1.915154429773591183e+00	5.630128734412013358e+01	2.486276985983832128e+04
-2.876434276038476678e+00	3.045298370108561414e+01	-1.694114463398273651e+00	-3.371914128272457134e+01	1.023922016376975444e+04
-1.682763041815080740e+00	-1.658118441845724789e+01	-2.891014566257824381e+00	3.393642831275851535e+01	-8.616564431190188770e+03
-2.494382885496309932e+00	6.010181680192857812e+01	-1.414495432200807201e+00	-7.218610175303246024e+01	4.340938671026723023e+04
-2.373226924518263115e+00	-1.168109241112121843e+01	-1.140582281917635887e+00	3.969220724850210047e+01	1.163927825408246099e+04
-1.007562754517431713e+00	1.615027016787581093e+00	-2.282050596107890517e+00	4.007916983259189436e+01	-1.166189040762126388e+04
-7.719599924091978815e-01	3.759105365403793542e+01	-2.041727842220845801e+00	5.971288994572638842e-01	-2.978189301513737519e+03
-4.573647055564673547e-01	4.675217544963697236e+01	-1.690593448831680501e+00	-1.331645473235310462e+01	-6.388774723110760533e+03
-3.808601291816735707e-02	3.607294498627427259e+01	-1.321147564721863565e+00	3.847843373619281948e+01	-1.363408360387895118e+04
2.773975455387206468e-01	-9.702311566808472776e+01	-7.374573657083300926e-01	1.460527386637279221e+02	-1.538843465326009609e+05
-2.670410323592674051e-01	4.178641902884770332e+01	1.001120902592569584e+00	4.799392533190891186e+01	2.066460359418391454e+04
1.262434021908701354e+00	7.305600065775121266e+01	5.770866086009276974e-02	-5.289069333414605723e+00	-1.369064384146608791e+04
9.231849321622711546e-01	9.838341285319754093e+01	2.042479603905316132e+00	-7.814948000695378028e+01	6.719907822868556832e+04
1.463988161871695892e+00	1.196788568246984141e+01	2.679867042724530801e+00	9.357187758822057333e+01	6.192966855144430156e+04
2.402698301385051138e+00	-9.877606636703224012e+02	2.976347664196521858e+00	1.318124940322519706e+03	7.185356840865671635e+06
3.141152112529495444e+00	-1.288339585354172414e+03	3.643936102662466148e+00	1.717052096491367820e+03	1.045640760853247344e+07
4.462652059845510166e+00	-2.044280065626584815e+02	3.510209736027734451e+00	2.948513203160583771e+02	-6.027678369565096218e+05
4.294460684284556962e+00	-3.048121278536591205e+01	5.439159724705370458e+00	1.370777527892696810e+02	1.278570561398347490e+05
5.268605596812239611e+00	3.739363438251568823e+02	6.159479186496439773e+00	-4.635463089515576485e+02	1.511441399171564262e+06
6.095537267770533063e+00	1.786623897935009353e+01	7.262704966083881608e+00	1.597538070331734730e+02	1.741832648864629446e+05
8.117769443389107664e+00	1.169030279609521870e+02	6.965651388722111648e+00	4.421524258793920126e+02	-1.348189187482446432e+06
1.111482954642041499e+01	-2.695570303229055753e+03	1.183130901724855022e+01	3.660519690500210800e+03	7.098356489641894400e+07
1.537489298021029249e+01	2.542726288412056022e+02	1.408714511447474038e+01	4.274086063346462652e+02	-1.481871836708028102e+06
1.921547435863767106e+01	1.431301483569662309e+02	2.050062293792379720e+01	8.116135967085205039e+02	4.897987920119229704e+06
2.191861132278905799e+01	-7.937063743033901119e+03	2.311083663306438751e+01	5.118989292009071505e+03	3.427411677769789696e+08
